%YAML:1.0
model_type: POLYFISHEYE
camera_name: px1_fisheye
image_width: 752
image_height: 480
projection_parameters:
   k2: -7.0343413689294282e-03
   k3: 1.7732144401670587e-02
   k4: -6.4085600461704362e-02
   k5: 9.5170280015515807e-02
   k6: -7.2952599615026009e-02
   k7: 2.1375834587163758e-02
   p1: 0.
   p2: 0.
   A11: 1.9929346104849333e+02
   A12: 2.8096451022204885e-02
   A22: 1.9941551084121610e+02
   u0: 3.7047169670672406e+02
   v0: 2.3784002667596877e+02
   isFast: 1
   numDiff: 4000
   maxIncidentAngle: 110
